Nhật
14 0
Máy
14 1
0
1
9 3
1 1 3
567.467 590.087 20 1
28
0 0 0 0 0 0 0 0 0 0 0 0 0 0 0
0 0 0 0 0 0 0 0 0 0 0 0 0 0 0
0 0 0 0 0 0 0 0 0 0 0 0 0 0 0
0 0 0 0 -1 0 0 0 0 0 0 0 0 0 0
0 0 0 0 0 1 0 0 0 0 1 0 0 0 0
0 0 0 0 0 0 1 0 -1 -1 0 -1 0 0 0
0 0 0 0 0 0 0 1 -1 1 -1 0 0 0 0
0 0 0 0 0 -1 1 -1 1 0 0 0 0 0 0
0 0 0 0 0 1 -1 -1 -1 -1 1 0 0 0 0
0 0 0 1 1 1 1 1 -1 0 0 0 0 0 0
0 0 0 -1 0 0 0 0 0 0 0 0 0 0 0
0 0 0 0 0 0 0 0 0 0 0 0 0 0 0
0 0 0 0 0 0 0 0 0 0 0 0 0 0 0
0 0 0 0 0 0 0 0 0 0 0 0 0 0 0
0 0 0 0 0 0 0 0 0 0 0 0 0 0 0
7 7 -1
6 7 1
8 6 -1
7 8 1
6 8 -1
9 5 1
5 9 -1
4 10 1
6 10 -1
5 6 1
8 9 -1
4 5 1
3 4 -1
6 9 1
8 7 -1
8 5 1
8 8 -1
8 10 1
7 5 -1
7 6 1
5 8 -1
9 4 1
10 3 -1
9 7 1
5 11 -1
9 6 1
9 8 -1
9 3 1
2 0
