Nhật
8 1
Máy
7 0
1
1
13 6
1 1 0
591.167 599.999 19.396 1
15
0 0 0 0 0 0 0 0 0 0 0 0 0 0 0
0 0 0 0 0 0 0 0 0 0 0 0 0 0 0
0 0 0 0 0 0 0 0 0 0 0 0 0 0 0
0 0 0 0 0 0 0 0 0 0 0 0 0 0 0
0 0 0 0 0 0 0 0 0 0 0 0 0 0 0
0 0 0 0 0 0 0 0 0 0 0 0 0 0 0
0 0 0 0 0 0 0 0 0 1 0 0 0 0 0
0 0 0 0 0 0 0 1 -1 0 0 0 0 0 0
0 0 0 0 0 0 1 -1 0 0 0 0 0 0 0
0 0 0 0 0 0 -1 1 0 0 0 0 0 0 0
0 0 0 0 0 -1 -1 1 0 0 0 0 0 0 0
0 0 0 0 1 0 -1 0 0 0 0 0 0 0 0
0 0 0 0 0 0 -1 0 0 1 0 0 0 0 0
0 0 0 0 0 0 -1 0 0 0 0 0 0 0 0
0 0 0 0 0 0 0 0 0 0 0 0 0 0 0
7 8 -1
7 7 1
8 7 -1
9 7 1
9 6 -1
10 7 1
10 5 -1
6 9 1
10 6 -1
11 4 1
11 6 -1
12 9 1
12 6 -1
8 6 1
13 6 -1
4 1
